hs1 1 1000 0
hs1 1001 2000 1
hs1 2001 3000 2
hs1 3001 4000 4
hs1 4001 5000 3
hs1 5001 6000 4
hs1 6001 7000 5
hs1 7001 8000 3
hs1 8001 9000 2
hs1 9001 10000 2
hs1 10001 11000 6
hs1 11001 12000 6
hs1 12001 13000 6
hs1 13001 14000 0
hs1 14001 15000 7
hs1 15001 16000 8
hs1 16001 17000 6
hs1 17001 18000 4
hs1 18001 19000 8
hs1 19001 20000 3
hs1 20001 21000 7
hs1 21001 22000 6
hs1 22001 23000 2
hs1 23001 24000 7
hs1 24001 25000 3
hs1 25001 26000 5
hs1 26001 27000 2
hs1 27001 28000 6
hs1 28001 29000 6
hs1 29001 30000 6
hs1 30001 31000 3
hs1 31001 32000 5
hs1 32001 33000 5
hs1 33001 34000 4
hs1 34001 35000 5
hs1 35001 36000 3
hs1 36001 37000 7
hs1 37001 38000 3
hs1 38001 39000 3
hs1 39001 40000 8
hs1 40001 41000 6
hs1 41001 42000 3
hs1 42001 43000 2
hs1 43001 44000 6
hs1 44001 45000 6
hs1 45001 46000 4
hs1 46001 47000 7
hs1 47001 48000 2
hs1 48001 49000 4
hs1 49001 50000 7
hs1 50001 51000 6
hs1 51001 52000 1
hs1 52001 53000 1
hs1 53001 54000 3
hs1 54001 55000 6
hs1 55001 56000 6
hs1 56001 57000 4
hs1 57001 58000 2
hs1 58001 59000 2
hs1 59001 60000 8
hs1 60001 61000 8
hs1 61001 62000 5
hs1 62001 63000 7
hs1 63001 64000 8
hs1 64001 65000 12
hs1 65001 66000 6
hs1 66001 67000 4
hs1 67001 68000 5
hs1 68001 69000 7
hs1 69001 70000 7
hs1 70001 71000 5
hs1 71001 72000 8
hs1 72001 73000 6
hs1 73001 74000 7
hs1 74001 75000 6
hs1 75001 76000 6
hs1 76001 77000 10
hs1 77001 78000 6
hs1 78001 79000 8
hs1 79001 80000 8
hs1 80001 81000 10
hs1 81001 82000 8
hs1 82001 83000 10
hs1 83001 84000 7
hs1 84001 85000 12
hs1 85001 86000 10
hs1 86001 87000 11
hs1 87001 88000 11
hs1 88001 89000 10
hs1 89001 90000 8
hs1 90001 91000 8
hs1 91001 92000 12
hs1 92001 93000 18
hs1 93001 94000 11
hs1 94001 95000 10
hs1 95001 96000 9
hs1 96001 97000 26
hs1 97001 98000 28
hs1 98001 99000 23
