hs1 71001 72000 0.47
hs1 50001 51000 2.7
hs1 91001 92000 50
hs1 79001 80000 70
hs1 39001 40000 149
hs1 52001 53000 218
hs1 47001 48000 525
hs1 38001 39000 620
hs1 35001 36000 1330
hs1 55001 56000 1510
hs1 44001 45000 1640
hs1 49001 50000 1700
hs1 48001 49000 1730
hs1 65001 66000 2050
hs1 37001 38000 2650
hs1 56001 57000 3080
hs1 83001 84000 3100
hs1 14001 15000 3356
hs1 42001 43000 3470
hs1 19001 20000 3830
hs1 62001 63000 4580
hs1 41001 42000 4780
hs1 95001 96000 5190
hs1 16001 17000 5560
hs1 29001 30000 5960
hs1 77001 78000 6110
hs1 30001 31000 6860
hs1 66001 67000 7010
hs1 53001 54000 7510
hs1 8001 9000 12210
hs1 93001 94000 12240
hs1 34001 35000 12410
hs1 98001 99000 12640
hs1 78001 79000 19820
hs1 67001 68000 21660
hs1 57001 58000 30860
hs1 33001 34000 33510
hs1 96001 97000 34070
hs1 97001 98000 35270
hs1 70001 71000 36320
hs1 17001 18000 51580
hs1 51001 52000 55630
hs1 36001 37000 65040
hs1 76001 77000 65710
hs1 9001 10000 133310
hs1 43001 44000 245440
hs1 61001 62000 306820
hs1 94001 95000 348990
hs1 89001 90000 372120
hs1 4001 5000 538700
hs1 60001 61000 643530
hs1 90001 91000 654800
hs1 10001 11000 656470
hs1 13001 14000 1030790
hs1 22001 23000 1848200
hs1 6001 7000 7562710
