hs1 1 1000 55.9349375
hs1 1001 2000 61.98781786
hs1 2001 3000 135.0544952
hs1 3001 4000 157.0287546
hs1 4001 5000 171.1259288
hs1 5001 6000 189.0035275
hs1 6001 7000 194.0803756
hs1 7001 8000 203.0946287
hs1 8001 9000 222.1619799
hs1 9001 10000 225.1324945
hs1 10001 11000 229.0478856
hs1 11001 12000 233.0324223
hs1 12001 13000 233.0324223
hs1 13001 14000 243.8129113
hs1 14001 15000 244.0807695
hs1 15001 16000 245.0647851
hs1 16001 17000 250.0412132
hs1 17001 18000 252.0898776
hs1 18001 19000 259.0804351
hs1 19001 20000 259.1572289
hs1 20001 21000 267.0855205
hs1 21001 22000 267.0967539
hs1 22001 23000 282.2558803
hs1 23001 24000 284.0869175
hs1 24001 25000 288.0281824
hs1 25001 26000 291.0967539
hs1 26001 27000 295.1796957
hs1 27001 28000 296.0943114
hs1 28001 29000 297.0895603
hs1 29001 30000 299.1261359
hs1 30001 31000 303.138992
hs1 31001 32000 307.1756729
hs1 32001 33000 307.1756729
hs1 33001 34000 312.183778
hs1 34001 35000 313.0572944
hs1 35001 36000 315.2198292
hs1 36001 37000 319.0948357
hs1 37001 38000 319.1815255
hs1 38001 39000 319.1815255
hs1 39001 40000 326.0394989
hs1 40001 41000 337.044502
hs1 41001 42000 343.1702921
hs1 42001 43000 344.1080262
hs1 43001 44000 346.1164863
hs1 44001 45000 349.0950226
hs1 45001 46000 353.0946457
hs1 46001 47000 372.02722
hs1 47001 48000 372.243973
hs1 48001 49000 376.1760073
hs1 49001 50000 383.093977
hs1 50001 51000 384.1968857
hs1 51001 52000 384.339216
hs1 52001 53000 385.2643741
hs1 53001 54000 387.2198292
hs1 54001 55000 388.133554
hs1 55001 56000 393.191323
hs1 56001 57000 399.2077403
hs1 57001 58000 400.3341306
hs1 58001 59000 402.3497807
hs1 59001 60000 408.0852401
hs1 60001 61000 408.1451996
hs1 61001 62000 413.3042275
hs1 62001 63000 414.2015533
hs1 63001 64000 418.0962834
hs1 64001 65000 445.1709815
hs1 65001 66000 446.2178721
hs1 66001 67000 446.3872288
hs1 67001 68000 454.2831577
hs1 68001 69000 460.1510959
hs1 69001 70000 461.1238781
hs1 70001 71000 464.3038931
hs1 71001 72000 475.3046214
hs1 72001 73000 476.2212261
hs1 73001 74000 479.1115189
hs1 74001 75000 484.1569116
hs1 75001 76000 484.2362075
hs1 76001 77000 493.2311817
hs1 77001 78000 495.2897203
hs1 78001 79000 516.1784179
hs1 79001 80000 523.2682359
hs1 80001 81000 526.9644453
hs1 81001 82000 529.1647451
hs1 82001 83000 530.1287742
hs1 83001 84000 540.0354549
hs1 84001 85000 543.1740607
hs1 85001 86000 547.14409
hs1 86001 87000 548.1393389
hs1 87001 88000 560.1393389
hs1 88001 89000 602.2253987
hs1 89001 90000 616.3975188
hs1 90001 91000 622.3042871
hs1 91001 92000 650.330227
hs1 92001 93000 665.1247719
hs1 93001 94000 670.4292128
hs1 94001 95000 684.5288673
hs1 95001 96000 708.5176339
hs1 96001 97000 1059.561398
hs1 97001 98000 1083.437855
hs1 98001 99000 1201.841368
