hs1 1 1000 0
hs1 1001 2000 66.2
hs1 2001 3000 80.48
hs1 3001 4000 89.1
hs1 4001 5000 63.32
hs1 5001 6000 140.62
hs1 6001 7000 58.44
hs1 7001 8000 53.09
hs1 8001 9000 40.46
hs1 9001 10000 35.25
hs1 10001 11000 159.29
hs1 11001 12000 103.7
hs1 12001 13000 103.7
hs1 13001 14000 0
hs1 14001 15000 143.72
hs1 15001 16000 131.69
hs1 16001 17000 107.71
hs1 17001 18000 58.2
hs1 18001 19000 161.92
hs1 19001 20000 41.49
hs1 20001 21000 130.83
hs1 21001 22000 150.4
hs1 22001 23000 37.3
hs1 23001 24000 140.97
hs1 24001 25000 63.6
hs1 25001 26000 149.92
hs1 26001 27000 69.62
hs1 27001 28000 131.72
hs1 28001 29000 144.61
hs1 29001 30000 136.51
hs1 30001 31000 12.47
hs1 31001 32000 116.06
hs1 32001 33000 116.06
hs1 33001 34000 40.62
hs1 34001 35000 106.02
hs1 35001 36000 46.17
hs1 36001 37000 142.8
hs1 37001 38000 28.16
hs1 38001 39000 28.16
hs1 39001 40000 131.68
hs1 40001 41000 97.63
hs1 41001 42000 12.47
hs1 42001 43000 17.82
hs1 43001 44000 107.77
hs1 44001 45000 92.7
hs1 45001 46000 97.63
hs1 46001 47000 119.76
hs1 47001 48000 9.49
hs1 48001 49000 100.45
hs1 49001 50000 156.24
hs1 50001 51000 124.44
hs1 51001 52000 20.23
hs1 52001 53000 6.25
hs1 53001 54000 32.7
hs1 54001 55000 82.59
hs1 55001 56000 107.46
hs1 56001 57000 37.39
hs1 57001 58000 40.46
hs1 58001 59000 40.46
hs1 59001 60000 49.41
hs1 60001 61000 99.88
hs1 61001 62000 68.36
hs1 62001 63000 104.57
hs1 63001 64000 86.44
hs1 64001 65000 207.27
hs1 65001 66000 116.66
hs1 66001 67000 24.94
hs1 67001 68000 63.95
hs1 68001 69000 72.42
hs1 69001 70000 54.45
hs1 70001 71000 58.64
hs1 71001 72000 113.6
hs1 72001 73000 64.68
hs1 73001 74000 104.74
hs1 74001 75000 97.64
hs1 75001 76000 74.76
hs1 76001 77000 168.94
hs1 77001 78000 67.45
hs1 78001 79000 144.52
hs1 79001 80000 126.68
hs1 80001 81000 330.26
hs1 81001 82000 82.88
hs1 82001 83000 95.74
hs1 83001 84000 110.57
hs1 84001 85000 206.07
hs1 85001 86000 78.95
hs1 86001 87000 82.19
hs1 87001 88000 82.19
hs1 88001 89000 213.36
hs1 89001 90000 130.36
hs1 90001 91000 61.86
hs1 91001 92000 171.96
hs1 92001 93000 337.24
hs1 93001 94000 153.37
hs1 94001 95000 111.68
hs1 95001 96000 153.75
hs1 96001 97000 413.78
hs1 97001 98000 514.53
hs1 98001 99000 278.8
