hs1 1 1000 0
hs1 1001 2000 -0.019
hs1 2001 3000 -0.664
hs1 3001 4000 -0.36
hs1 4001 5000 1.391
hs1 5001 6000 -3.69
hs1 6001 7000 -0.625
hs1 7001 8000 2.395
hs1 8001 9000 4.46
hs1 9001 10000 4.458
hs1 10001 11000 -1.175
hs1 11001 12000 1.466
hs1 12001 13000 1.466
hs1 13001 14000 0
hs1 14001 15000 -3.044
hs1 15001 16000 -1.948
hs1 16001 17000 1.199
hs1 17001 18000 4.717
hs1 18001 19000 -1.605
hs1 19001 20000 4.053
hs1 20001 21000 -1.846
hs1 21001 22000 -1.881
hs1 22001 23000 8.192
hs1 23001 24000 -2.175
hs1 24001 25000 2.588
hs1 25001 26000 -2.065
hs1 26001 27000 4.642
hs1 27001 28000 0.053
hs1 28001 29000 -0.493
hs1 29001 30000 0.76
hs1 30001 31000 6.549
hs1 31001 32000 1.674
hs1 32001 33000 1.631
hs1 33001 34000 3.651
hs1 34001 35000 2.892
hs1 35001 36000 6.81
hs1 36001 37000 2.355
hs1 37001 38000 4.148
hs1 38001 39000 4.148
hs1 39001 40000 -2.142
hs1 40001 41000 2.786
hs1 41001 42000 6.507
hs1 42001 43000 8.559
hs1 43001 44000 3.91
hs1 44001 45000 5.122
hs1 45001 46000 4.373
hs1 46001 47000 1.714
hs1 47001 48000 5.517
hs1 48001 49000 4.234
hs1 49001 50000 1.689
hs1 50001 51000 3.238
hs1 51001 52000 9.896
hs1 52001 53000 8.333
hs1 53001 54000 8.738
hs1 54001 55000 6.033
hs1 55001 56000 4.022
hs1 56001 57000 5.121
hs1 57001 58000 7.931
hs1 58001 59000 8.553
hs1 59001 60000 6.181
hs1 60001 61000 3.248
hs1 61001 62000 5.625
hs1 62001 63000 1.995
hs1 63001 64000 6.539
hs1 64001 65000 -2.749
hs1 65001 66000 4.727
hs1 66001 67000 7.082
hs1 67001 68000 4.71
hs1 68001 69000 8.904
hs1 69001 70000 7.661
hs1 70001 71000 6.176
hs1 71001 72000 6.812
hs1 72001 73000 10.11
hs1 73001 74000 5.471
hs1 74001 75000 6.638
hs1 75001 76000 5.406
hs1 76001 77000 0.161
hs1 77001 78000 6.434
hs1 78001 79000 5.124
hs1 79001 80000 4.488
hs1 80001 81000 -6.181
hs1 81001 82000 2.571
hs1 82001 83000 4.029
hs1 83001 84000 6.107
hs1 84001 85000 -1.679
hs1 85001 86000 5.381
hs1 86001 87000 4.747
hs1 87001 88000 4.867
hs1 88001 89000 2.107
hs1 89001 90000 6.511
hs1 90001 91000 6.098
hs1 91001 92000 5.102
hs1 92001 93000 -5.381
hs1 93001 94000 3.368
hs1 94001 95000 8.922
hs1 95001 96000 7.698
hs1 96001 97000 0.107
hs1 97001 98000 -0.472
hs1 98001 99000 8.407
